0
0.00010101
0.00020202
0.00030303
0.00040404
0.000505051
0.000606061
0.000707071
0.000808081
0.000909091
0.0010101
0.00111111
0.00121212
0.00131313
0.00141414
0.00151515
0.00161616
0.00171717
0.00181818
0.00191919
0.0020202
0.00212121
0.00222222
0.00232323
0.00242424
0.00252525
0.00262626
0.00272727
0.00282828
0.00292929
0.0030303
0.00313131
0.00323232
0.00333333
0.00343434
0.00353535
0.00363636
0.00373737
0.00383838
0.00393939
0.0040404
0.00414141
0.00424242
0.00434343
0.00444444
0.00454545
0.00464646
0.00474747
0.00484848
0.00494949
0.00505051
0.00515152
0.00525253
0.00535354
0.00545455
0.00555556
0.00565657
0.00575758
0.00585859
0.0059596
0.00606061
0.00616162
0.00626263
0.00636364
0.00646465
0.00656566
0.00666667
0.00676768
0.00686869
0.0069697
0.00707071
0.00717172
0.00727273
0.00737374
0.00747475
0.00757576
0.00767677
0.00777778
0.00787879
0.0079798
0.00808081
0.00818182
0.00828283
0.00838384
0.00848485
0.00858586
0.00868687
0.00878788
0.00888889
0.0089899
0.00909091
0.00919192
0.00929293
0.00939394
0.00949495
0.00959596
0.00969697
0.00979798
0.00989899
0.01
